3.491518588758603325e+00
1.667791624761262970e+00
1.216244214403754187e+00
8.725131907587052593e-01
5.465619207174297056e-01
2.861947591796376589e-01
1.310888712501394049e-01
7.023890473924854216e-02
6.048192184802666377e-02
6.086449730943139375e-02
5.290672694685970290e-02
3.885503673902117316e-02
2.781913659153241458e-02
2.408378766646595420e-02
2.477271887869274963e-02
2.454148083517843082e-02
2.074266368658470722e-02
1.470877408974755399e-02
9.441328148343846455e-03
6.739613663476520453e-03
6.204201315691220894e-03
6.262069870099180521e-03
5.736445213622344379e-03
4.559362632270097353e-03
3.371317387948160119e-03
2.710220476216852140e-03
2.573400279728776593e-03
2.574357368471968423e-03
2.367583885780154447e-03
1.909865437236558765e-03
1.399473931187272075e-03
1.043665757211870073e-03
8.933815239384539867e-04
8.530561699817087616e-04
8.007496978518070622e-04
6.880714140510303927e-04
5.486298884952529788e-04
4.393679721619240652e-04
3.837828397689771682e-04
3.615431455655403930e-04
3.151155982929862605e-04
2.105268582468932553e-04
1.446122222066841684e-04
1.187885063663920559e-04
8.700811181063826719e-05
5.738095742699370045e-05
3.218691756858332224e-05
1.831061398637113700e-05
8.430196140655042087e-06
2.951841127686038301e-06
1.166121452767575793e-06
4.989591868345180101e-07
2.676635864984255669e-07
1.852904287320398910e-07
1.357351679968366146e-07
1.042923316357902372e-07
8.242876439647232033e-08
6.669506411907289721e-08
5.495740545936217385e-08
4.589338512752874424e-08
3.872055523950108728e-08
3.295622308324608940e-08
2.827342706202990182e-08
2.442875873298494602e-08
2.123850942717305013e-08
1.856903498726174311e-08
1.632000455814446715e-08
1.441184753775242850e-08
1.278310586613415541e-08
1.138614713973558851e-08
1.018038576783324031e-08
9.131966271309536079e-09
8.216378906325468936e-09
7.415511660195962932e-09
6.713082880501288565e-09
6.094602368067489819e-09
5.548139627512325899e-09
5.062909710689799556e-09
4.629387054746992425e-09
4.241184499119911072e-09
3.894228747242587760e-09
3.584024940865613780e-09
3.305396190897088506e-09
3.053887587944332002e-09
2.825841435270536158e-09
2.618179593042435416e-09
2.429095543313234516e-09
2.257714755916348448e-09
2.102465522668222417e-09
1.960813012611187036e-09
1.830572873920559807e-09
1.710459623791754019e-09
1.599684960134414544e-09
1.497880106104845658e-09
1.404887703765593934e-09
1.319909463340498302e-09
1.241382616395710817e-09
1.168029593360363524e-09
1.099455211080517092e-09
1.035646828048960500e-09
9.764815533425905339e-10
9.215305758377913738e-10
8.697298350225529175e-10
-5.439831577880578466e-04
-1.416043115226934580e-02
-1.234787582193701272e-02
-2.387647753452677973e-03
6.096946585607179725e-03
7.990714608648440131e-03
4.514270115012096983e-03
6.318106045511463233e-05
-2.012029237917785981e-03
-1.425540610175545387e-03
-2.079143142338364564e-05
4.574783349408782416e-04
-2.522023953974053914e-04
-1.208079162133997124e-03
-1.452427825776707706e-03
-8.549800356935366441e-04
-1.726700570739759014e-05
4.092498842523030912e-04
2.599458867359689734e-04
-1.474951356030785264e-04
-4.037103229025157023e-04
-3.548491905638291111e-04
-1.417532203444103571e-04
8.037636899964421597e-06
-7.082117838076923340e-06
-1.184309531982617524e-04
-1.952988803873000620e-04
-1.714058629324635122e-04
-8.127224385270815797e-05
-3.946338207716455215e-06
1.278167830079895833e-05
-1.910543903588340063e-05
-5.518446093822708648e-05
-6.309058219942364760e-05
-4.367054471274826226e-05
-1.936790568395543714e-05
-9.339092948042791592e-06
-1.517509978479753895e-05
-2.516491780653376442e-05
-2.783267091381573527e-05
-1.603930597921714250e-05
-4.570348298962999983e-06
-8.325797042494044716e-06
-7.220702343240885041e-06
-3.349867864700181362e-06
-3.463220772764829358e-06
-1.390224563531967925e-06
-1.007196594668108247e-06
-4.199628857515453809e-07
-1.366147172055662558e-07
-4.515292808679116239e-08
-1.562779341846433526e-08
-6.735908778249011776e-09
-4.018589059049029975e-09
-2.624661475226214425e-09
-1.893221418310390046e-09
-1.391724404471690813e-09
-1.067215632910588360e-09
-8.548652921345413014e-10
-7.000403587984739881e-10
-5.784170824404067393e-10
-4.811610687713329368e-10
-4.037890392705512653e-10
-3.424735787222877440e-10
-2.935944173837496894e-10
-2.541025751994563294e-10
-2.216505385938498596e-10
-1.945326600857989052e-10
-1.715519085348451171e-10
-1.518715416520328911e-10
-1.348987665680687083e-10
-1.201966266935447894e-10
-1.074199446523004873e-10
-9.628948972806141457e-11
-8.657960976866502915e-11
-7.809763988530511538e-11
-7.067022898937122965e-11
-6.414694499157192799e-11
-5.840106258870183672e-11
-5.332127995742298345e-11
-4.881030766170868877e-11
-4.478923687336719163e-11
-4.119398645216253549e-11
-3.796880890423188815e-11
-3.506593878768438860e-11
-3.244693774972056784e-11
-3.007744407778635775e-11
-2.792599130867519257e-11
-2.596636315127170723e-11
-2.417846429589084420e-11
-2.254385127538349984e-11
-2.104574876434186521e-11
-1.967038451141904157e-11
-1.840591294255511474e-11
-1.724066185593005703e-11
-1.616482956542889271e-11
-1.517116659585705856e-11
-1.425232673255489968e-11
-1.339952622476842719e-11
-1.260310154674118543e-11
-1.185242671641713594e-11
-1.113045728309595376e-11
-1.041954166776062434e-11
3.223773801003247978e-04
4.679587180156924019e-04
3.021097601152370870e-04
1.224264978346949596e-04
2.544630570082433065e-04
6.315327705773382365e-04
9.041862145472332433e-04
8.301966635708543565e-04
5.021189210694188346e-04
2.187167258340044296e-04
1.842794896251920365e-04
3.459311579578361068e-04
4.918421484179274009e-04
4.705139504651343176e-04
3.107095353871872166e-04
1.574027948843010759e-04
1.202991065720908684e-04
1.867968333117206036e-04
2.600991864553844077e-04
2.604642067204092012e-04
1.882611507613448742e-04
1.044293156609373159e-04
6.517278064734856791e-05
7.715154368479967568e-05
1.050876953353482380e-04
1.118013014660282567e-04
8.897095820358003635e-05
5.584927937111959484e-05
3.578146805407825812e-05
3.588875717274430928e-05
4.562360077943895375e-05
5.008305330267949848e-05
4.312657306691449242e-05
2.976464322620980192e-05
1.897905381194079310e-05
1.547178344336007372e-05
1.722362781682939162e-05
1.906955792757529110e-05
1.766399752683082107e-05
1.350380479209869015e-05
8.262469151963927405e-06
7.423817761318915023e-06
6.769604396610730886e-06
3.904417206051664134e-06
2.900565436239785075e-06
2.193644369963014165e-06
1.158653666859054541e-06
6.453441263662888816e-07
2.908089587991640715e-07
9.524673625509138465e-08
3.284112152053274708e-08
1.177221936338544568e-08
5.280683338844098223e-09
3.205609606779282305e-09
2.118863177470453937e-09
1.500199897115051710e-09
1.122421383027187478e-09
8.708459180290418771e-10
6.942351805400628175e-10
5.647117438548108608e-10
4.664105079735156971e-10
3.900153355132206596e-10
3.295647525052180854e-10
2.810201038051500954e-10
2.415432216350224641e-10
2.090845805084481454e-10
1.821346262203057949e-10
1.595636161672595738e-10
1.405132086828561087e-10
1.243212606962934660e-10
1.104699254067761180e-10
9.855085523192647123e-11
8.824060924843174789e-11
7.928118243718517482e-11
7.146390667429798728e-11
6.461701237638363133e-11
5.859713630683774752e-11
5.328399722710558700e-11
4.857693581671032510e-11
4.439221864571893408e-11
4.066018893474132159e-11
3.732226436658160140e-11
3.432854170793846610e-11
3.163628575911218594e-11
2.920906151079076456e-11
2.701588033447303714e-11
2.503023547765371899e-11
2.322902178800147798e-11
2.159167212772634352e-11
2.009977126299048944e-11
1.873709575870000151e-11
1.748976380681598295e-11
1.634607763495384599e-11
1.529604506687839220e-11
1.433080068283667507e-11
1.344210795968828950e-11
1.262218795339152814e-11
1.186380049396503069e-11
1.116021947593857532e-11
1.050478579201311974e-11
9.889727092209979779e-12
9.305140081984951910e-12
8.736139994068349192e-12
1.968601313431526107e-06
1.998993439846321720e-06
2.070249268858586997e-06
2.194161858387970331e-06
2.244669875502404853e-06
2.134723389743430764e-06
1.918159135764385194e-06
1.719278563167890032e-06
1.606488797423523790e-06
1.548359637501246658e-06
1.472453838485724194e-06
1.345391973488547285e-06
1.194978905520680916e-06
1.069625124916836692e-06
9.887900257783433265e-07
9.320642762018700232e-07
8.670400858624156521e-07
7.811416725317979849e-07
6.880234778933383882e-07
6.093001123299474100e-07
5.538644086717130752e-07
5.133741929756438988e-07
4.735784566311651650e-07
4.276074225246566752e-07
3.794165464877838904e-07
3.371668985828337011e-07
3.049051087318141632e-07
2.800154993512516128e-07
2.569731144056050860e-07
2.325033916835131737e-07
2.074635780304501878e-07
1.848140374333436489e-07
1.664568889945352484e-07
1.518493510501691805e-07
1.390039995102004108e-07
1.263671716561392966e-07
1.138021533906844721e-07
1.021565533711308865e-07
9.218786634111875792e-08
8.389983419865882949e-08
7.331823728400835513e-08
6.043650845971453496e-08
4.976637503529579757e-08
4.164040310309006429e-08
3.482574604777305070e-08
2.683523050307471382e-08
1.925129230246123323e-08
1.405599955871587237e-08
9.205800714577767078e-09
5.487492695130558622e-09
3.496148014202490890e-09
2.280385633298649865e-09
1.618175945111431899e-09
1.275415912082781128e-09
1.022055035878501166e-09
8.307571857450805644e-10
6.836479373188489719e-10
5.687038691210461361e-10
4.776326765686745765e-10
4.045836714041271725e-10
3.453463603492325211e-10
2.968374090951116337e-10
2.567626768814178315e-10
2.233885288178691636e-10
1.953869341392690240e-10
1.717322070006075371e-10
1.516272794698180736e-10
1.344452072946946389e-10
1.196842712914779597e-10
1.069381753803989162e-10
9.587757136186956817e-11
8.623589283930847413e-11
7.779661676743769019e-11
7.038280941920402536e-11
6.384848434620829805e-11
5.807118278605327337e-11
5.294678115535762959e-11
4.838671092530046129e-11
4.431613072413123753e-11
4.067181623144712739e-11
3.740018604999759332e-11
3.445573271897058459e-11
3.179956172478285302e-11
2.939817915649201775e-11
2.722268087108043514e-11
2.524802166038078734e-11
2.345222895399587965e-11
2.181583666393229449e-11
2.032172051276294636e-11
1.895491159548599924e-11
1.770237379517488868e-11
1.655271125927853983e-11
1.549596284720337239e-11
1.452329960044697833e-11
1.362678912556073095e-11
1.279932261489480089e-11
1.203452449580611722e-11
1.132652520829243744e-11
1.066972268400401872e-11
1.005857426115190003e-11
9.487130183342157964e-12
8.948200819081835991e-12
8.431743033680014008e-12
2.036996944735637389e-07
1.571454530749546576e-07
1.181697207295309706e-07
9.023451807447871922e-08
7.148637657907473259e-08
5.830622101850273370e-08
4.854538047158467782e-08
4.099638895692088390e-08
3.500050602275492295e-08
3.017449884780108967e-08
2.625596840667714435e-08
2.305725353605304321e-08
2.042928850822376494e-08
1.825043067088593370e-08
1.642247368902985813e-08
1.486852583908862338e-08
1.353050143699928959e-08
1.236582407297248712e-08
1.134376294186928135e-08
1.044195434939558538e-08
9.643509933965519391e-09
8.934896823474674867e-09
8.304579906851782529e-09
7.742309761425406815e-09
7.238852829440284176e-09
6.785990846518545607e-09
6.376602300835007802e-09
6.004711225805850950e-09
5.665440438453638502e-09
5.354864888298218911e-09
5.069810939378633857e-09
4.807658090550236710e-09
4.566164392533582863e-09
4.343347921662943367e-09
4.137415361771504866e-09
3.946729986365311142e-09
3.769801179446248730e-09
3.605285354617322833e-09
3.451982249052167029e-09
3.308830083836314357e-09
3.112133540695884030e-09
2.876159615340468950e-09
2.667455980007209799e-09
2.482055245765700644e-09
2.316643934083710765e-09
2.101573593853800848e-09
1.859126092505508284e-09
1.658863814168232189e-09
1.420531037785292913e-09
1.176404579083680671e-09
9.938113780971351584e-10
8.421577439564894270e-10
7.357199926201082137e-10
6.680314335397190250e-10
6.098951522348838560e-10
5.595365592088561237e-10
5.155846509573069028e-10
4.769557805476866172e-10
4.428115459542619215e-10
4.124256279077855183e-10
3.852811696518611641e-10
3.609308140630628856e-10
3.389437331017470130e-10
3.190105885408692808e-10
3.009152002098379899e-10
2.844472719899044281e-10
2.693965239557968170e-10
2.555593070485937475e-10
2.427941463204619685e-10
2.310147095294396490e-10
2.201389297886394477e-10
2.100847465618823864e-10
2.007701059202297697e-10
1.921129560329230775e-10
1.840313503719036352e-10
1.764532009239333255e-10
1.693395488233066973e-10
1.626635784545571704e-10
1.563986786481654901e-10
1.505182414876062982e-10
1.449956576615127087e-10
1.398043211684107459e-10
1.349176264468565094e-10
1.303089679808797322e-10
1.259517414770610949e-10
1.218193443900887432e-10
1.178861761351457077e-10
1.141360526519012492e-10
1.105611428608797091e-10
1.071542601104162459e-10
1.039082197877846034e-10
1.008158349632970271e-10
9.786992156547361086e-11
9.506329353235715737e-11
9.238876713104960025e-11
8.983915702091333090e-11
8.740727863447273701e-11
8.508594733945303546e-11
8.286797997042024512e-11
8.074619136980806040e-11
7.871339803417097557e-11
7.676241614068788721e-11
7.488606141976526797e-11
