3.489179919989664036e+00
1.666407620044345173e+00
1.216027633369917593e+00
8.733362068096606201e-01
5.476225586324557915e-01
2.866828855261469577e-01
1.308226205936325326e-01
6.967528539600689741e-02
6.017815814447090295e-02
6.097213578903728365e-02
5.314773200077831106e-02
3.890130316985856984e-02
2.763731282624777574e-02
2.392433036011421682e-02
2.487721674180242218e-02
2.489584091513667025e-02
2.110484149636429954e-02
1.484581601387752886e-02
9.327168722814631330e-03
6.542391407431076555e-03
6.110054565399227616e-03
6.318610680414948021e-03
5.847474799071925022e-03
4.603936256139984536e-03
3.317526023165102977e-03
2.625576335682874417e-03
2.544628455045357465e-03
2.625770931276744883e-03
2.449820628173538049e-03
1.954666704577332978e-03
1.380030883430193988e-03
9.880025454644736967e-04
8.495557781243879419e-04
8.458999565752359055e-04
8.180724444606898068e-04
7.007836680037117690e-04
5.398188523795967699e-04
4.158232297612134793e-04
3.645440281288149899e-04
3.586523159268782939e-04
3.241952500690334013e-04
2.032738633503102866e-04
1.333239410400541736e-04
1.180475277713313341e-04
8.336397457500254859e-05
5.448237318288977999e-05
2.953562839531873209e-05
1.684391133305949064e-05
7.352133282662039799e-06
2.381172339683884126e-06
8.743946835742262175e-07
3.499741148594368424e-07
1.803997437892047588e-07
1.279428604375650358e-07
9.641722112702290375e-08
7.823609554194858102e-08
6.404797125642627398e-08
5.370557483658005890e-08
4.557791550433781860e-08
3.892428314855235958e-08
3.339310141016239942e-08
2.879348531208963441e-08
2.496381061206427066e-08
2.176409624772407602e-08
1.907142119914351182e-08
1.679162455672953880e-08
1.485131119180570901e-08
1.318913218680760144e-08
1.175840904674928177e-08
1.052243487626437444e-08
9.448928059044411182e-09
8.510284687405216834e-09
7.685962206963952179e-09
6.961376443080396269e-09
6.323590808094620238e-09
5.760188857535189987e-09
5.260578186448900030e-09
4.815208514891338725e-09
4.415986868364019642e-09
4.057342461664254481e-09
3.735701683448778884e-09
3.446978476898369943e-09
3.186595275626695483e-09
2.950680463534537351e-09
2.736038817225954804e-09
2.539968483923767755e-09
2.361011345067473115e-09
2.198272536364063348e-09
2.050328324594288356e-09
1.914996442839115852e-09
1.790329575032366159e-09
1.675157828616043998e-09
1.568820345936295406e-09
1.470950985023486880e-09
1.381361723795164709e-09
1.299298865233190963e-09
1.223394792416710821e-09
1.152529973819219054e-09
1.086386806610540654e-09
1.024921457223135352e-09
9.680341755368527319e-10
9.151147464249091810e-10
8.648939311964287958e-10
-5.402476979373334624e-04
-1.417208338392692696e-02
-1.238225909796425786e-02
-2.414280822976941354e-03
6.116019631879686912e-03
8.049623908783547221e-03
4.563775138977776286e-03
6.243266449420598529e-05
-2.051840412381558676e-03
-1.454721302929903350e-03
-5.871794132976543165e-06
4.982510424033753096e-04
-2.346391455444016999e-04
-1.240785500011619890e-03
-1.511933806397685633e-03
-8.908686269098276076e-04
-1.230990023196975465e-06
4.585016729223290177e-04
2.974981782223223067e-04
-1.501363349591025966e-04
-4.361257329901132023e-04
-3.830402398195196221e-04
-1.420916169477891939e-04
2.961870303864381457e-05
1.130997028993180002e-05
-1.217082317146126337e-04
-2.164733339153143026e-04
-1.911585544731735130e-04
-8.402609588896687665e-05
9.354380855884058738e-06
2.832728647352248739e-05
-1.409071358338945926e-05
-6.212604890294777993e-05
-7.335548955745717272e-05
-4.797877532109909798e-05
-1.567774318326583229e-05
-2.912833655581928669e-06
-1.248806930679309914e-05
-2.813874888557791685e-05
-3.316102488225081753e-05
-1.693357480389223670e-05
-1.423606118072366869e-06
-9.183271810661419908e-06
-8.081444889788308076e-06
-2.213534910431690202e-06
-3.824258888253510936e-06
-1.022526548032246872e-06
-1.024683219916146089e-06
-3.753764490908866881e-07
-1.227931035575069045e-07
-3.426722989775582977e-08
-1.034679352398712136e-08
-4.278090984649744228e-09
-2.384593259541312611e-09
-1.519623566759013459e-09
-1.246084213925067794e-09
-9.066030969664276082e-10
-7.339536761247316100e-10
-6.402350760104970044e-10
-5.563123759057770885e-10
-4.753570145081354950e-10
-4.027306163612814804e-10
-3.424760370880128924e-10
-2.943676123191776479e-10
-2.556880457942889649e-10
-2.241880361394017571e-10
-1.979425508865313665e-10
-1.755466323747560877e-10
-1.560914982741586221e-10
-1.391249822405684467e-10
-1.242617889382035704e-10
-1.112146764636698701e-10
-9.974597443168173543e-11
-8.967373613849704439e-11
-8.084998819048404665e-11
-7.313670931954881362e-11
-6.637943809871033803e-11
-6.044199926992288649e-11
-5.519855504149562545e-11
-5.055584119470160553e-11
-4.642683189933698715e-11
-4.274451068617626301e-11
-3.944332649172144649e-11
-3.647336882997275765e-11
-3.378767187638842410e-11
-3.135219606063024000e-11
-2.913427960047068102e-11
-2.711222234525930099e-11
-2.526273351929403599e-11
-2.356805781897129606e-11
-2.200993606745111699e-11
-2.057592472446978423e-11
-1.925454856737259763e-11
-1.803782407893399820e-11
-1.691657345428196108e-11
-1.588316835992261904e-11
-1.492744281695315476e-11
-1.404231868724414304e-11
-1.321825812858246995e-11
-1.244930948042539291e-11
-1.171928693393122142e-11
-1.101696967641179765e-11
-1.031776563050322440e-11
3.206639658849860363e-04
4.665050318832854878e-04
3.004110225173217143e-04
1.193423008700017745e-04
2.506950716743113405e-04
6.303390162621846839e-04
9.077008308486223236e-04
8.356481861618463881e-04
5.036874206570192587e-04
2.139903144709981810e-04
1.778602235039721739e-04
3.452412666084883619e-04
4.991435979580209495e-04
4.799511540054459281e-04
3.139784111922531203e-04
1.522464922931476318e-04
1.129070661480177358e-04
1.856422820865232437e-04
2.676225277443412495e-04
2.709218415214259242e-04
1.935196613396557969e-04
1.016069337356661410e-04
5.875869109863229660e-05
7.416661338971098001e-05
1.084998709474756446e-04
1.184177712438255867e-04
9.313338639256870202e-05
5.480661858941822433e-05
3.169951823111644932e-05
3.322183263447073574e-05
4.689386286317196519e-05
5.401746756177364209e-05
4.637075950446073892e-05
3.007373750764525398e-05
1.689168362312879642e-05
1.333016008950798624e-05
1.688103374266009408e-05
2.047006460575314627e-05
1.930178399888474389e-05
1.398480862812552254e-05
7.256874879698028802e-06
7.378808795250241709e-06
7.379221018636386247e-06
3.505328763874538193e-06
2.651960032298820990e-06
2.227301462735301945e-06
1.105245458888349483e-06
5.752647187572970519e-07
2.678958164959151058e-07
8.164390406846940095e-08
2.523252505031174121e-08
8.189942487171240081e-09
3.472501010674288171e-09
2.049255008275609577e-09
1.358508819696954330e-09
9.901970006900928258e-10
7.857296663611285844e-10
6.415906982885574914e-10
5.370146139516401552e-10
4.543802358790912614e-10
3.865477838106595849e-10
3.305324110388046167e-10
2.841132357316507142e-10
2.455340764338601910e-10
2.133752503310207001e-10
1.864322826790217163e-10
1.637292457140979240e-10
1.444719747156956736e-10
1.280408868887215954e-10
1.139444943325131185e-10
1.017874764125762427e-10
9.124685659971841898e-11
8.206409472001367434e-11
7.403213087748653563e-11
6.698450200907232180e-11
6.078251673875221404e-11
5.530695195284294932e-11
5.045549205829522556e-11
4.614222779695373464e-11
4.229475373108887672e-11
3.885244897899564700e-11
3.576295746785372483e-11
3.298193079855866551e-11
3.047150917263540931e-11
2.820020227505133189e-11
2.614084958102920941e-11
2.427003669139391190e-11
2.256690442392722917e-11
2.101311165517799398e-11
1.959239470502648232e-11
1.829106253842918764e-11
1.709732952911770180e-11
1.600111410819176328e-11
1.499331893861951622e-11
1.406571928599175001e-11
1.321072420770180768e-11
1.242153790971055109e-11
1.169179860690904699e-11
1.101539204521697871e-11
1.038501362178281557e-11
9.791850661555950341e-12
9.224412566215057696e-12
8.667547189883944775e-12
1.693948728982389225e-07
1.701243894155640289e-07
1.647393358992819641e-07
1.592875638966223254e-07
1.598519514339010730e-07
1.638327297160546064e-07
1.634156562476080148e-07
1.542005690554550258e-07
1.393626810194190338e-07
1.260294492304409090e-07
1.185420530036169736e-07
1.153084456249634364e-07
1.114503041653672875e-07
1.037935345254160326e-07
9.333423347221295892e-08
8.354312348565257912e-08
7.687020192438753037e-08
7.287602669214957006e-08
6.925029540894210655e-08
6.419844971938554969e-08
5.784932194936542338e-08
5.170914356277447969e-08
4.707879754444006752e-08
4.401270562239425136e-08
4.156096495593176376e-08
3.878103250372891738e-08
3.548925581937157054e-08
3.219680293223771539e-08
2.949162242361351408e-08
2.751812550734398802e-08
2.595697522102181998e-08
2.439073830251583091e-08
2.265504508887877457e-08
2.089293708701111240e-08
1.934706977484656937e-08
1.812782424439266140e-08
1.715058056434288862e-08
1.624640759260941544e-08
1.531022614781222101e-08
1.435803914164861281e-08
1.309363459828630740e-08
1.177868121541435859e-08
1.062156995679689857e-08
9.529725133900351338e-09
8.626430530511935507e-09
7.468340117951058730e-09
6.163840758301934853e-09
5.109772317015982978e-09
3.904148051792872417e-09
2.753649416939570493e-09
1.987107222411033582e-09
1.416490229038513512e-09
1.055673788289402140e-09
8.616764260666892742e-10
7.234756753612473866e-10
6.196095300413913618e-10
5.344006266422679768e-10
4.616097361731412830e-10
3.987107902963154979e-10
3.447959572292891925e-10
2.988842658525029693e-10
2.599930236411325892e-10
2.270940498797247720e-10
1.992301327826320172e-10
1.755464540005353528e-10
1.553204391657993981e-10
1.379640801359500134e-10
1.230042737770178403e-10
1.100562194142046179e-10
9.880388319309733600e-11
8.898211337515146646e-11
8.036799088648182957e-11
7.278190295987782372e-11
6.608160201763516775e-11
6.015154538343246481e-11
5.488981073405898193e-11
5.020513318547779299e-11
4.602020882226768671e-11
4.227106323843174795e-11
3.890395586516145503e-11
3.587182243555865912e-11
3.313316516891155196e-11
3.065293493616478544e-11
2.840203156146223688e-11
2.635602628923739171e-11
2.449352289164937794e-11
2.279506054499383985e-11
2.124283600685480504e-11
1.982102370547227353e-11
1.851632422719807538e-11
1.731774080460922419e-11
1.621567708474905352e-11
1.520145498544222512e-11
1.426685494612550537e-11
1.340426502790990765e-11
1.260706383681665914e-11
1.186972527901055678e-11
1.118750370456541726e-11
1.055591424345567055e-11
9.969550426475278548e-12
9.421387449608696161e-12
8.901261768510506565e-12
8.397211581862757289e-12
2.036996944735637389e-07
1.571454530749546576e-07
1.181697207295309706e-07
9.023451807447871922e-08
7.148637657907473259e-08
5.830622101850273370e-08
4.854538047158467782e-08
4.099638895692088390e-08
3.500050602275492295e-08
3.017449884780108967e-08
2.625596840667714435e-08
2.305725353605304321e-08
2.042928850822376494e-08
1.825043067088593370e-08
1.642247368902985813e-08
1.486852583908862338e-08
1.353050143699928959e-08
1.236582407297248712e-08
1.134376294186928135e-08
1.044195434939558538e-08
9.643509933965519391e-09
8.934896823474674867e-09
8.304579906851782529e-09
7.742309761425406815e-09
7.238852829440283349e-09
6.785990846518545607e-09
6.376602300835007802e-09
6.004711225805850950e-09
5.665440438453638502e-09
5.354864888298218911e-09
5.069810939378633857e-09
4.807658090550236710e-09
4.566164392533582863e-09
4.343347921662943367e-09
4.137415361771504866e-09
3.946729986365311142e-09
3.769801179446248730e-09
3.605285354617322833e-09
3.451982249052167029e-09
3.308830083836314357e-09
3.112133540695884030e-09
2.876159615340468950e-09
2.667455980007209799e-09
2.482055245765700644e-09
2.316643934083710765e-09
2.101573593853800848e-09
1.859126092505508284e-09
1.658863814168232189e-09
1.420531037785292913e-09
1.176404579083680671e-09
9.938113780971351584e-10
8.421577439564894270e-10
7.357199926201082137e-10
6.680314335397190250e-10
6.098951522348838560e-10
5.595365592088561237e-10
5.155846509573069028e-10
4.769557805476866172e-10
4.428115459542619215e-10
4.124256279077855183e-10
3.852811696518611641e-10
3.609308140630628856e-10
3.389437331017470130e-10
3.190105885408692808e-10
3.009152002098379899e-10
2.844472719899044281e-10
2.693965239557968170e-10
2.555593070485937475e-10
2.427941463204619685e-10
2.310147095294396490e-10
2.201389297886394477e-10
2.100847465618823864e-10
2.007701059202297697e-10
1.921129560329230775e-10
1.840313503719036352e-10
1.764532009239333255e-10
1.693395488233066973e-10
1.626635784545571704e-10
1.563986786481654901e-10
1.505182414876062982e-10
1.449956576615127087e-10
1.398043211684107459e-10
1.349176264468565094e-10
1.303089679808797322e-10
1.259517414770610949e-10
1.218193443900887432e-10
1.178861761351457077e-10
1.141360526519012492e-10
1.105611428608797091e-10
1.071542601104162459e-10
1.039082197877846034e-10
1.008158349632970271e-10
9.786992156547361086e-11
9.506329353235715737e-11
9.238876713104960025e-11
8.983915702091333090e-11
8.740727863447273701e-11
8.508594733945303546e-11
8.286797997042024512e-11
8.074619136980806040e-11
7.871339803417097557e-11
7.676241614068788721e-11
7.488606141976526797e-11
