3.489179702157999330e+00
1.666407272160430608e+00
1.216027141001753797e+00
8.733356246204126982e-01
5.476220051416671453e-01
2.866824606203171033e-01
1.308223378888456745e-01
6.967507761742600114e-02
6.017794527560084428e-02
6.097188821239352824e-02
5.314747520297852940e-02
3.890107246950880171e-02
2.763711055410041084e-02
2.392412598366962934e-02
2.487698264893181341e-02
2.489558358186642548e-02
2.110459778104541162e-02
1.484562130075476466e-02
9.327028906816909118e-03
6.542282896180588031e-03
6.109948123744756224e-03
6.318494844511911811e-03
5.847359292446384707e-03
4.603836764292601469e-03
3.317447460500937573e-03
2.625509554943664635e-03
2.544560570892577967e-03
2.625697438320762252e-03
2.449748203030106906e-03
1.954605832332997548e-03
1.379986447930912127e-03
9.879707168101142106e-04
8.495285651884108315e-04
8.458720716184109714e-04
8.180443419184247559e-04
7.007591568043175945e-04
5.398005641891155670e-04
4.158102585614144309e-04
3.645332326339753440e-04
3.586413405369555515e-04
3.241853159584884856e-04
2.032705960474675373e-04
1.333251340951765334e-04
1.180493836294808783e-04
8.336804783406744166e-05
5.448840803478414676e-05
2.954348173862941045e-05
1.685253569302748092e-05
7.360960167426077420e-06
2.389491782298184182e-06
8.819113475540857055e-07
3.565474035691299100e-07
1.860418925672362045e-07
1.330360539896181140e-07
1.010930385990749273e-07
8.253228875573833325e-08
6.795832094927400775e-08
5.723658274256063546e-08
4.874413977976102568e-08
4.175209239724741284e-08
3.591272305655400074e-08
3.103707454086034744e-08
2.696237948117156306e-08
2.354652657272509936e-08
2.066338629779236102e-08
1.821567503049508010e-08
1.612726776692833187e-08
1.433414892033999141e-08
1.278756420288486366e-08
1.144894474508844661e-08
1.028435387065651054e-08
9.264703037525731939e-09
8.368119489157090808e-09
7.579017251315388510e-09
6.883633101702251152e-09
6.268698099278575554e-09
5.722857965229690848e-09
5.235910113897141350e-09
4.799242517789569628e-09
4.406811347255007363e-09
4.054641500532650995e-09
3.738259509731060383e-09
3.452762647385897086e-09
3.194024767034636551e-09
2.958626880599226909e-09
2.743653537465939414e-09
2.547480063265249802e-09
2.369033519390932855e-09
2.206740091186109955e-09
2.058293692113187175e-09
1.921634140894548629e-09
1.795491459328642700e-09
1.679117434912909604e-09
1.572054128388491857e-09
1.474035950060068161e-09
1.384239472022187439e-09
1.301237411544155733e-09
1.223857167944169930e-09
1.151737707499215387e-09
1.084784293528866576e-09
1.022851791636311886e-09
9.652659190434900496e-10
9.106854364068578444e-10
-5.402462937064589788e-04
-1.417208013528948804e-02
-1.238225581713176329e-02
-2.414281498959053654e-03
6.116012455759862673e-03
8.049613113506307385e-03
4.563767471183904217e-03
6.243258404915988011e-05
-2.051834955050017579e-03
-1.454716443882936696e-03
-5.871161576695420149e-06
4.982500764719093121e-04
-2.346358493520757241e-04
-1.240775388523638993e-03
-1.511920841951824163e-03
-8.908599207720874040e-04
-1.230315311803812726e-06
4.584971360869380353e-04
2.974949747087979215e-04
-1.501338067433961474e-04
-4.361185545968580086e-04
-3.830330905876018900e-04
-1.420880669323756429e-04
2.961913948166042932e-05
1.131068000212811465e-05
-1.217045489420884123e-04
-2.164671030714590007e-04
-1.911526123218758636e-04
-8.402293345924133003e-05
9.354690621874193218e-06
2.832678890773248539e-05
-1.408987741484745646e-05
-6.212337432690858254e-05
-7.335215073610870619e-05
-4.797627410480441549e-05
-1.567657788309432675e-05
-2.912300120739940518e-06
-1.248712436502282799e-05
-2.813698541801734339e-05
-3.315891024990943352e-05
-1.693231963127659207e-05
-1.423366927146692755e-06
-9.182525857039756183e-06
-8.080722558255136774e-06
-2.213289960404284646e-06
-3.823886574021068817e-06
-1.022456611878327850e-06
-1.024623502761607792e-06
-3.754151237117045577e-07
-1.228760093170656353e-07
-3.435893654197464964e-08
-1.042804889978733171e-08
-4.346743045822574089e-09
-2.443737245719536819e-09
-1.573511594493357096e-09
-1.295091347383424999e-09
-9.529941179648163853e-10
-7.771928594694031381e-10
-6.803488699552410135e-10
-5.929485166890257867e-10
-5.084845622341585155e-10
-4.324539503681499753e-10
-3.690186654587565204e-10
-3.180292100674069308e-10
-2.767710196536952129e-10
-2.429933555978971687e-10
-2.147362958267501298e-10
-1.905721115032796693e-10
-1.695568060685853817e-10
-1.512153043054265659e-10
-1.351347220177958618e-10
-1.210080024042614935e-10
-1.085787561983022255e-10
-9.765025306399209206e-11
-8.806253082330483597e-11
-7.966718043488123268e-11
-7.229963485114486901e-11
-6.581625233942688868e-11
-6.008267695964545269e-11
-5.500016858396541835e-11
-5.047499295506815143e-11
-4.643566089099017689e-11
-4.281146633604601262e-11
-3.954917069611126036e-11
-3.659808823614685874e-11
-3.392180346890986891e-11
-3.148469660086384251e-11
-2.926318967202062917e-11
-2.723159260073849233e-11
-2.537074149075666081e-11
-2.366071512351913404e-11
-2.208798020731149979e-11
-2.063979919000186764e-11
-1.930722320191405275e-11
-1.807991935967767470e-11
-1.694948533440161492e-11
-1.590478882369353835e-11
-1.493818628250425326e-11
-1.403916660995353974e-11
-1.320129135647955227e-11
-1.240687602540249553e-11
-1.164448432175880682e-11
-1.088785007867109334e-11
3.206642185623622375e-04
4.665052470440818398e-04
3.004112319722901121e-04
1.193424495362730168e-04
2.506948867961405168e-04
6.303381330898634926e-04
9.076992076959883218e-04
8.356463307146833963e-04
5.036859975320238068e-04
2.139894202285747438e-04
1.778591456179064785e-04
3.452391254124935471e-04
4.991402852181291930e-04
4.799475581095202325e-04
3.139756113503888529e-04
1.522447001936489395e-04
1.129054002685698664e-04
1.856396262980228046e-04
2.676186280657394563e-04
2.709175656275299160e-04
1.935161964131497099e-04
1.016047263771368230e-04
5.875713020516969164e-05
7.416468855669326038e-05
1.084971156954528940e-04
1.184146115993796019e-04
9.313065182300735091e-05
5.480475617596126291e-05
3.169824757241309141e-05
3.322048721882639737e-05
4.689202209007906503e-05
5.401528577713632037e-05
4.636875257940877200e-05
3.007229469976065040e-05
1.689076503775238235e-05
1.332940364840502184e-05
1.688010911616593629e-05
2.046893277991854309e-05
1.930066447124878385e-05
1.398393904612486413e-05
7.256379992954324859e-06
7.378300532248978523e-06
7.378684292730778899e-06
3.505070156041773404e-06
2.651777745250528435e-06
2.227151078822705977e-06
1.105204750227761755e-06
5.752858251777513009e-07
2.679575737329761055e-07
8.172881643668621904e-08
2.531805343748468798e-08
8.265243204255923324e-09
3.535887116348311376e-09
2.104374726279813533e-09
1.407295769918037843e-09
1.034521335384292926e-09
8.264674738447184687e-10
6.790805777751331283e-10
5.712138373349058323e-10
4.852926387678413343e-10
4.142699493069437687e-10
3.552689858271668933e-10
3.061305868097452182e-10
2.651183680835759503e-10
2.308070329356694549e-10
2.019683760378527359e-10
1.775990609212559795e-10
1.568762726862720483e-10
1.391549756086826260e-10
1.239205804248297738e-10
1.107577257920325184e-10
9.932546126465823807e-11
8.935017448049557321e-11
8.061230742437026673e-11
7.293519517916709531e-11
6.617129728317572657e-11
6.019339526039422360e-11
5.489200351530197574e-11
5.017506090633494029e-11
4.596475095321250429e-11
4.219576582252475376e-11
3.881146855042990369e-11
3.576383809606902136e-11
3.301182783536679154e-11
3.052132773006653766e-11
2.826285886938042366e-11
2.621096850976238163e-11
2.434291627374417919e-11
2.263871377078989336e-11
2.108064792069655233e-11
1.965383665002275501e-11
1.834543486181371888e-11
1.714441831713546926e-11
1.604078801079041883e-11
1.502548375743591190e-11
1.409015098400481482e-11
1.322733964447413287e-11
1.243008911839019188e-11
1.169173229044400447e-11
1.100432301878057865e-11
1.035838871569370751e-11
9.741669844212874338e-12
9.138317354846858202e-12
1.696784888230516867e-07
1.704065348162975384e-07
1.650257901972627146e-07
1.595770739011598616e-07
1.601354610077071286e-07
1.641035239631516766e-07
1.636766700791166206e-07
1.544612425746736326e-07
1.396297062669540064e-07
1.263010934252563392e-07
1.188108324810182618e-07
1.155683952966279171e-07
1.117015448166427718e-07
1.040406110516536740e-07
9.358092304433082713e-08
8.378898614517603300e-08
7.711153083506488618e-08
7.310945620829451676e-08
6.947539095743883835e-08
6.441728213119500515e-08
5.806404991653623780e-08
5.192009365353182161e-08
4.728453870102875436e-08
4.421158699565320209e-08
4.175248964779654007e-08
3.896597151749225821e-08
3.566872255649532330e-08
3.237131328255584757e-08
2.966091664380732966e-08
2.768170103473690716e-08
2.611470696186521864e-08
2.454305216664963303e-08
2.280261468295119583e-08
2.103626967338022163e-08
1.948634088603153109e-08
1.826302416221914815e-08
1.728176862082254926e-08
1.637384008630600037e-08
1.543428917801272270e-08
1.447909197395010194e-08
1.321058581830410931e-08
1.189057397910874325e-08
1.072910572490803474e-08
9.633600394357146359e-09
8.727018769859515802e-09
7.564656520444435479e-09
6.255243630246347456e-09
5.196809666449909913e-09
3.985278786449696454e-09
2.827721494884564022e-09
2.054326654377220232e-09
1.474247159541186402e-09
1.104336022278347802e-09
9.049924085672827274e-10
7.633464733145916558e-10
6.568606009538560124e-10
5.689699661457725342e-10
4.932991744010330261e-10
4.274276751410790911e-10
3.706280001759111496e-10
3.220231743947511903e-10
2.806849357320526894e-10
2.455966858724146512e-10
2.157901425170578604e-10
1.903873989130201029e-10
1.686396080868047780e-10
1.499343343916419480e-10
1.337773466045083820e-10
1.197657266581126681e-10
1.075678236909518110e-10
9.690387583863041146e-11
8.753721194916632177e-11
7.927697410210857825e-11
7.197228392366036545e-11
6.550059602360179086e-11
5.975304865493702846e-11
5.463155196127296169e-11
5.005298696775269648e-11
4.594861976651480958e-11
4.226065207284988017e-11
3.893822333197353117e-11
3.593625981513454893e-11
3.321666976026557749e-11
3.074789170091202310e-11
2.850346801021840805e-11
2.646017771677230904e-11
2.459683785448225223e-11
2.289403011331156354e-11
2.133446959145893754e-11
1.990364372976409133e-11
1.858957184618185443e-11
1.738178071234855878e-11
1.627076662507484512e-11
1.524748907874767542e-11
1.430355887298000742e-11
1.343167755629230130e-11
1.262575715880970706e-11
1.188058296621632897e-11
1.119124821717146876e-11
1.055185210286196547e-11
9.954770458632755209e-12
9.389041907751427563e-12
8.841976974442362455e-12
2.034695632189024944e-07
1.570071160801715046e-07
1.180937479076631758e-07
9.018928355293107284e-08
7.145584978089977415e-08
5.828554453048247774e-08
4.853349301795552043e-08
4.099290913721632252e-08
3.500487025343692944e-08
3.018597766631548255e-08
2.627387426629361974e-08
2.308100908670466110e-08
2.045841866337514545e-08
1.828452190172084611e-08
1.646114920582722160e-08
1.491144768583586121e-08
1.357739649974049069e-08
1.241648651766838403e-08
1.139801628722487451e-08
1.049960255354365126e-08
9.704310345434971425e-09
8.998551332902648364e-09
8.370751327098153423e-09
7.810668179981444720e-09
7.309128689888141322e-09
6.857995191875557151e-09
6.450200210529739516e-09
6.079786445702926024e-09
5.741872800232768839e-09
5.432516134236491223e-09
5.148518646010696405e-09
4.887242724137185491e-09
4.646459137628406177e-09
4.424225478092208688e-09
4.218789932411785661e-09
4.028536048096458277e-09
3.851973502403583545e-09
3.687753715753745910e-09
3.534672952536889181e-09
3.391665608361194134e-09
3.195024272354209575e-09
2.958912378679754317e-09
2.749923692741961920e-09
2.564095888301432547e-09
2.398109945227771385e-09
2.181938652504496512e-09
1.937773251368569311e-09
1.735551185868382142e-09
1.494005788819544150e-09
1.245397820421613202e-09
1.058308341304417800e-09
9.019005305617903022e-10
7.914504770933770349e-10
7.208215638994523675e-10
6.598910693741247424e-10
6.068827489799162415e-10
5.604240609205169908e-10
5.194264500317436141e-10
4.830457387120927610e-10
4.505495260482497120e-10
4.214143386413917679e-10
3.951860273999074158e-10
3.714270384341157461e-10
3.498218260439732777e-10
3.301483992215569199e-10
3.121906780549820495e-10
2.957325996371447886e-10
2.805648316384410693e-10
2.665411454983618174e-10
2.535712799267163459e-10
2.415693030930180536e-10
2.304492899945054853e-10
2.201253227554763263e-10
2.105114856981413704e-10
2.015219723071167748e-10
1.930811671297570588e-10
1.851477010237146859e-10
1.776927577567547308e-10
1.706877324798723567e-10
1.641040238990725952e-10
1.579130292015873899e-10
1.520861491893824923e-10
1.465947851457059237e-10
1.414103384100068378e-10
1.365042116593374993e-10
1.318478094724895055e-10
1.274136013208558185e-10
1.231840646469960422e-10
1.191505545432683093e-10
1.153051110043372591e-10
1.116397762297384308e-10
1.081465899361698119e-10
1.048175949209796630e-10
1.016448318541924420e-10
9.862034390729748999e-11
9.573617253890378512e-11
9.298436004303927500e-11
9.035694865290696455e-11
8.784598216590004765e-11
8.544350226971444926e-11
8.314155241425181896e-11
8.093217571507527389e-11
7.880741482352574452e-11
