3.491516695357992806e+00
1.667789952720065028e+00
1.216242812600201617e+00
8.725121601741883115e-01
5.465611282162561313e-01
2.861939954520454910e-01
1.310880606823840999e-01
7.023813333163091144e-02
6.048129834869221677e-02
6.086402050526211471e-02
5.290628765422715485e-02
3.885452746371852173e-02
2.781854388796038691e-02
2.408318367376160660e-02
2.477217963163024297e-02
2.454102126939906869e-02
2.074224436843387365e-02
1.470835683160317403e-02
9.440917159349894450e-03
6.739246287295520658e-03
6.203906962157976906e-03
6.261841598973860723e-03
5.736248405741402497e-03
4.559166447194250293e-03
3.371117086192046853e-03
2.710033162710302410e-03
2.573243615542170418e-03
2.574233424667405398e-03
2.367480727522991869e-03
1.909770661324209674e-03
1.399385367984881234e-03
1.043590520659332978e-03
8.933268954010244352e-04
8.530221027450156672e-04
8.007291229835831938e-04
6.880563948695859631e-04
5.486171465143225342e-04
4.393593693028452550e-04
3.837816882339020828e-04
3.615504675453236707e-04
3.151312108492704050e-04
2.105476220500327692e-04
1.446399661846584387e-04
1.188220568543097751e-04
8.704296999003711499e-05
5.741759731488695360e-05
3.222377061256336439e-05
1.834617120733959928e-05
8.461546431144777180e-06
2.977243688596891552e-06
1.186120605751358942e-06
5.142571789687494452e-07
2.797272981088572562e-07
1.953934271526160094e-07
1.442404948748859500e-07
1.114913959026700739e-07
8.855566410412498044e-08
7.193672131223933133e-08
5.946379039364087532e-08
4.978561471650261174e-08
4.209694058905792312e-08
3.589697153677037152e-08
3.084435355048932447e-08
2.668419741034887250e-08
2.322358172055644146e-08
2.032141773620534097e-08
1.787132535221485418e-08
1.578878958683055249e-08
1.400827992645955431e-08
1.247879016266812439e-08
1.115693233531287819e-08
1.000651316721898970e-08
9.001059827768464615e-09
8.120806025781689169e-09
7.348073629146819942e-09
6.667187196957909653e-09
6.065203685996057682e-09
5.530472318980687071e-09
5.052726030770035336e-09
4.624938495322375003e-09
4.242483140667763411e-09
3.900386640786930350e-09
3.593057382190743505e-09
3.315678898540486060e-09
3.064277753795726066e-09
2.835500037106097204e-09
2.627296843249765774e-09
2.438579613463746219e-09
2.267588970714048140e-09
2.111626483814336301e-09
1.968364044263004554e-09
1.836388646054714596e-09
1.714798513570364324e-09
1.603123352885701018e-09
1.501114718396914393e-09
1.407893177637204784e-09
1.321823688023222579e-09
1.241563056214170097e-09
1.166655396468564922e-09
1.097031737949851444e-09
1.032516386222624223e-09
9.726293007018891832e-10
9.162548965426167800e-10
-5.439760601487722991e-04
-1.416042809068027847e-02
-1.234788884702592814e-02
-2.387670009767598779e-03
6.096933245828748543e-03
7.990716731964065886e-03
4.514276899370700535e-03
6.317928234331813121e-05
-2.012038977872122100e-03
-1.425544772238095462e-03
-2.077907191995156033e-05
4.575035500624740313e-04
-2.521785033771506554e-04
-1.208066886446155022e-03
-1.452424621827836304e-03
-8.549753302981162291e-04
-1.725409446396660142e-05
4.092676423352476509e-04
2.599597634202550000e-04
-1.474897192657220659e-04
-4.037095827891640752e-04
-3.548453195381752251e-04
-1.417420066101387187e-04
8.053531019454471322e-06
-7.067686896378061307e-06
-1.184217441337180609e-04
-1.952936233039376268e-04
-1.714005600004885998e-04
-8.126437370255419883e-05
-3.936837530904547040e-06
1.278995569835254397e-05
-1.910019116544201369e-05
-5.518153361460767276e-05
-6.308777191669926246e-05
-4.366626800229572844e-05
-1.936235949620484722e-05
-9.333681503904602835e-06
-1.517099874681361707e-05
-2.516217791838677386e-05
-2.783047599504434729e-05
-1.603672321566120001e-05
-4.568101830681391853e-06
-8.324787199034802199e-06
-7.219760411228998282e-06
-3.348922974279198936e-06
-3.462903698627401526e-06
-1.390198652622118199e-06
-1.007405306799615472e-06
-4.202916117456659014e-07
-1.369712780136960384e-07
-4.546077976386350175e-08
-1.586964414027487796e-08
-6.926183466304737406e-09
-4.176302250851833113e-09
-2.755687629056839994e-09
-2.002512583446198897e-09
-1.483469292384150200e-09
-1.144678217334172199e-09
-9.206161209523762131e-10
-7.561553334421912296e-10
-6.265700149087024246e-10
-5.226933985807115414e-10
-4.397770383018394608e-10
-3.737871757307359416e-10
-3.209439456917415501e-10
-2.780734939087663372e-10
-2.427291568876291645e-10
-2.131253971775826144e-10
-1.879999767974021195e-10
-1.664624598658406213e-10
-1.478756803960374285e-10
-1.317659476129990151e-10
-1.177576026639651220e-10
-1.055460345944737148e-10
-9.488436342822566892e-11
-8.556207222464766915e-11
-7.739073824759484481e-11
-7.020714563064956451e-11
-6.387370906093790165e-11
-5.826988213958191316e-11
-5.329049727102371171e-11
-4.884991303642757966e-11
-4.487827357295774319e-11
-4.131485843305575024e-11
-3.810759211291575398e-11
-3.521427698004440420e-11
-3.259724371281033073e-11
-3.022210116948930550e-11
-2.806004024697233175e-11
-2.608867234310783571e-11
-2.428753563700887487e-11
-2.263808221022825959e-11
-2.112498418649959363e-11
-1.973502638481902817e-11
-1.845532435152955131e-11
-1.727499593918863215e-11
-1.618582184029339866e-11
-1.517957385190139168e-11
-1.424665360942101500e-11
-1.337660821785065946e-11
-1.255803723743363299e-11
-1.177298141578436121e-11
-1.100291614132844343e-11
3.223802183104483186e-04
4.679615898137623117e-04
3.021123706033939987e-04
1.224278087302353257e-04
2.544625690270313359e-04
6.315315059047391707e-04
9.041855780224127611e-04
8.301965167298121012e-04
5.021174764198656389e-04
2.187125778984111478e-04
1.842733595575183237e-04
3.459252073222904311e-04
4.918376213963909001e-04
4.705098484286742442e-04
3.107037851694077453e-04
1.573945492037354859e-04
1.202896582018060602e-04
1.867882678844824608e-04
2.600923371197097142e-04
2.604580423407102893e-04
1.882540738982848476e-04
1.044208706317975111e-04
6.516404483720965736e-05
7.714398468834143460e-05
1.050817825202898098e-04
1.117962239124836591e-04
8.896555680144811458e-05
5.584314952392020986e-05
3.577520072664585118e-05
3.588324616587562226e-05
4.561920448602595625e-05
5.007938494726515776e-05
4.312298584156899447e-05
2.976084701200981247e-05
1.897529586995272104e-05
1.546852256380142616e-05
1.722108854856578469e-05
1.906757356683014504e-05
1.766221530013159597e-05
1.350200147033615868e-05
8.260796014185904152e-06
7.422762912303955693e-06
6.768906042967520211e-06
3.903835364882166775e-06
2.900290194438320282e-06
2.193621995306940079e-06
1.158826516714746805e-06
6.456179812538058144e-07
2.911436895694410199e-07
9.556023283414627855e-08
3.309990820061123927e-08
1.197133273240168233e-08
5.435916303217212742e-09
3.333912406826172821e-09
2.225315949227146827e-09
1.588997741036403185e-09
1.196931671646410485e-09
9.337523613612520230e-10
7.476626935385982899e-10
6.103462665961862073e-10
5.055962761889651585e-10
4.238300153968632545e-10
3.588779333134922706e-10
3.065383246684385500e-10
2.638444568955673857e-10
2.286447586843118045e-10
1.993481095434325650e-10
1.747590918795677165e-10
1.539660895845343629e-10
1.362634542234171343e-10
1.210976192591694145e-10
1.080307813085761530e-10
9.671510664414796287e-11
8.687229254149862526e-11
7.827668250555952721e-11
7.074219619162720094e-11
6.411334191853063479e-11
5.825951617532131155e-11
5.307125515362756161e-11
4.845730689667902440e-11
4.434158353492039747e-11
4.065998782601117686e-11
3.735787198945987740e-11
3.438840432024285121e-11
3.171159934030089406e-11
2.929337662766868156e-11
2.710452193482074141e-11
2.511954651881047117e-11
2.331577932354173132e-11
2.167294997272541371e-11
2.017320361120546777e-11
1.880122600186322349e-11
1.754405988268630139e-11
1.639060129158371434e-11
1.533099806531569463e-11
1.435613277187017366e-11
1.345743487187134880e-11
1.262694652587824613e-11
1.185728162002495640e-11
1.114116080968869645e-11
1.047019918560519689e-11
9.833862754754881584e-12
9.216526561961621080e-12
1.971456446373167430e-06
2.001829188874569610e-06
2.073020203519180810e-06
2.196772374223943897e-06
2.247113087955752787e-06
2.137083435863429377e-06
1.920518249229805646e-06
1.721649422521536273e-06
1.608824558234730928e-06
1.550607924988432365e-06
1.474595666856548499e-06
1.347439634228101311e-06
1.196949792977302506e-06
1.071522114773614455e-06
9.906024394512419229e-07
9.337812065299523789e-07
8.686604266950367571e-07
7.826734745375390285e-07
6.894767226445496926e-07
6.106809516776713251e-07
5.551748299871055764e-07
5.146152190935640598e-07
4.747528731108258226e-07
4.287199789099137779e-07
3.804724428750327686e-07
3.381704481396955329e-07
3.058595701815249731e-07
2.809237228191513280e-07
2.578381344426120295e-07
2.333285055812058864e-07
2.082520559631971817e-07
1.855688368813968882e-07
1.671805733606775935e-07
1.525441630545631113e-07
1.396719542151809383e-07
1.270101016460015815e-07
1.144217219165560724e-07
1.027542664828764700e-07
9.276508689966019428e-08
8.445778609325800216e-08
7.384938404596201120e-08
6.093483823689492288e-08
5.023491561865685927e-08
4.208171047664633674e-08
3.524182197710109461e-08
2.721673465814528099e-08
1.959123399766226683e-08
1.435891603073384049e-08
9.460817905869586940e-09
5.689600336901640481e-09
3.656523760466421405e-09
2.405584797531245713e-09
1.719006330428374744e-09
1.361185107295602329e-09
1.095300941212889743e-09
8.935586349110073425e-10
7.377076951889181243e-10
6.154185852064677286e-10
5.181507940526843691e-10
4.398525682416674021e-10
3.761504467602036952e-10
3.238287404402132994e-10
2.804854818430190544e-10
2.442988731087615726e-10
2.138685495650206226e-10
1.881092858619916342e-10
1.661748179795967459e-10
1.473973453891570600e-10
1.312410332518932719e-10
1.172709797566273560e-10
1.051337964502754016e-10
9.454268159389539507e-11
8.526403904915665233e-11
7.710647814527667286e-11
6.991170500392290681e-11
6.354671233488479951e-11
5.789828619319283458e-11
5.287001099069334628e-11
4.838027825579791179e-11
4.436002773004945766e-11
4.075063180639131222e-11
3.750220327199436751e-11
3.457203405136268270e-11
3.192330352299801401e-11
2.952420195657774918e-11
2.734713935154971900e-11
2.536790075855213332e-11
2.356503116667852515e-11
2.191963967923194639e-11
2.041519517758634995e-11
1.903728662548537370e-11
1.777330748677600582e-11
1.661222551190326474e-11
1.554425822710420574e-11
1.456061942930613170e-11
1.365343204051320923e-11
1.281562632511123831e-11
1.204070286730529515e-11
1.132248389764643070e-11
1.065489347253204529e-11
1.003147224404766481e-11
9.444517536052526846e-12
8.883414678316458167e-12
2.034695632189024944e-07
1.570071160801715046e-07
1.180937479076631758e-07
9.018928355293107284e-08
7.145584978089977415e-08
5.828554453048247774e-08
4.853349301795552043e-08
4.099290913721632252e-08
3.500487025343692944e-08
3.018597766631548255e-08
2.627387426629361974e-08
2.308100908670466110e-08
2.045841866337514545e-08
1.828452190172084611e-08
1.646114920582722160e-08
1.491144768583586121e-08
1.357739649974049069e-08
1.241648651766838403e-08
1.139801628722487451e-08
1.049960255354365126e-08
9.704310345434971425e-09
8.998551332902648364e-09
8.370751327098153423e-09
7.810668179981444720e-09
7.309128689888141322e-09
6.857995191875557151e-09
6.450200210529739516e-09
6.079786445702926024e-09
5.741872800232768839e-09
5.432516134236491223e-09
5.148518646010696405e-09
4.887242724137185491e-09
4.646459137628406177e-09
4.424225478092208688e-09
4.218789932411785661e-09
4.028536048096458277e-09
3.851973502403583545e-09
3.687753715753745910e-09
3.534672952536889181e-09
3.391665608361194134e-09
3.195024272354209575e-09
2.958912378679754317e-09
2.749923692741961920e-09
2.564095888301432547e-09
2.398109945227771385e-09
2.181938652504496512e-09
1.937773251368569311e-09
1.735551185868382142e-09
1.494005788819544150e-09
1.245397820421613202e-09
1.058308341304417800e-09
9.019005305617903022e-10
7.914504770933770349e-10
7.208215638994523675e-10
6.598910693741247424e-10
6.068827489799162415e-10
5.604240609205169908e-10
5.194264500317436141e-10
4.830457387120927610e-10
4.505495260482497120e-10
4.214143386413917679e-10
3.951860273999074158e-10
3.714270384341157461e-10
3.498218260439732777e-10
3.301483992215569199e-10
3.121906780549820495e-10
2.957325996371447886e-10
2.805648316384410693e-10
2.665411454983618174e-10
2.535712799267163459e-10
2.415693030930180536e-10
2.304492899945054853e-10
2.201253227554763263e-10
2.105114856981413704e-10
2.015219723071167748e-10
1.930811671297570588e-10
1.851477010237146859e-10
1.776927577567547308e-10
1.706877324798723567e-10
1.641040238990725952e-10
1.579130292015873899e-10
1.520861491893824923e-10
1.465947851457059237e-10
1.414103384100068378e-10
1.365042116593374993e-10
1.318478094724895055e-10
1.274136013208558185e-10
1.231840646469960422e-10
1.191505545432683093e-10
1.153051110043372591e-10
1.116397762297384308e-10
1.081465899361698119e-10
1.048175949209796630e-10
1.016448318541924420e-10
9.862034390729748999e-11
9.573617253890378512e-11
9.298436004303927500e-11
9.035694865290696455e-11
8.784598216590004765e-11
8.544350226971444926e-11
8.314155241425181896e-11
8.093217571507527389e-11
7.880741482352574452e-11
